      23
    23.5
Karthik

       1       2       3       4       5
       K       A       R       T       H       I

       1
       2
       3
       4
       5
       K
       A
       R
       T
       H
       I

       1       2
       3       4
       5       6
       1       2       3
       4       5       6
       K       A
       R       T
       H       I
       K       A       R
       T       H       I

       1       .
       3       4
       5       6
       1       2       3
       .       5       6
       K        
       R       T
       H       I
       K       A       R
       T               I

       4       2       2       3       2
       3       3       1       2       1
       2       1       0       2       1
       5       4       4       3       4

   Jenny
   Linda
     Jim
  Samuel

   Jenny       4       2       2       3       2
   Linda       3       3       1       2       1
     Jim       2       1       0       2       1
  Samuel       5       4       4       3       4

Daily totals
    1.20    0.60    0.60    0.90    0.60
    0.90    0.90    0.30    0.60    0.30
    0.60    0.30    0.00    0.60    0.30
    1.50    1.20    1.20    0.90    1.20

Weekly totals
    3.90
    3.00
    1.80
    6.00

       5
Total number of cups
      49
Daily average
     9.8

       1       1
       2       2

       3       3
       4       4

       1       1       0       0
       2       2       0       0
       0       0       3       3
       0       0       4       4

       1
       1
       1
       1
       1

       1
       1
       1
       1
       1

       6       6       6       6       6

       1       1       1       1       1

       1       0       0
       0       1       0
       0       0       1

       1       0       0       0
       0       1       0       0
       0       0       1       0
       0       0       0       1

       1       0
       1       0
       1       0
       0       1
       0       1
       0       0
       0       0

       1       0       0
       1       0       0
       1       0       0
       0       1       0
       0       1       0
       0       0       1
       0       0       1

       1       2
       3       4

       1       2       1       2       1       2
       3       4       3       4       3       4
       1       2       1       2       1       2
       3       4       3       4       3       4

       1       1       2
       2       3       3
       1       1       2

       1       1       2
       2       3       3

       1       1       2
       2       3       3
       0       0       0

       1       2       3       4       5

      10       9       8       7       6       5

n1
n2
n3
n4
n5
n6

      -1    -0.5       0     0.5       1

